-1 -1 1 42
1 42 0 43
3 43 -1 -1

-1 -1 1 18468
1 18468 0 18469
2 18469 -1 -1

-1 -1 1 6335
1 6335 -1 -1

-1 -1 0 26501
2 26501 1 26502
1 26502 0 26503
2 26503 -1 -1

-1 -1 1 26505
2 26505 1 26506
0 26506 2 26507
0 26507 2 26508
1 26508 -1 -1

-1 -1 1 26510
0 26510 2 26511
2 26511 -1 -1

-1 -1 0 26513
2 26513 1 26514
0 26514 2 26515
0 26515 3 26516
0 26516 1 26517
1 26517 -1 -1

-1 -1 1 26519
1 26519 0 26520
1 26520 0 26521
0 26521 2 26522
0 26522 -1 -1

-1 -1 3 26524
2 26524 1 26525
1 26525 0 26526
3 26526 -1 -1

-1 -1 1 26528
1 26528 0 26529
2 26529 1 26530
1 26530 0 26531
2 26531 0 26532
1 26532 -1 -1

-1 -1 0 26534
0 26534 1 26535
0 26535 1 26536
1 26536 -1 -1

-1 -1 1 26538
2 26538 1 26539
0 26539 2 26540
0 26540 1 26541
1 26541 -1 -1

-1 -1 1 26543
1 26543 2 26544
0 26544 1 26545
1 26545 -1 -1

-1 -1 1 26547
1 26547 2 26548
1 26548 0 26549
2 26549 -1 -1

-1 -1 1 26551
0 26551 2 26552
2 26552 1 26553
1 26553 -1 -1

-1 -1 1 26555
1 26555 0 26556
1 26556 2 26557
1 26557 -1 -1

-1 -1 1 26559
1 26559 2 26560
2 26560 -1 -1

-1 -1 1 26562
1 26562 0 26563
1 26563 2 26564
1 26564 2 26565
0 26565 1 26566
1 26566 -1 -1

-1 -1 1 26568
0 26568 1 26569
1 26569 -1 -1

-1 -1 3 26571
2 26571 1 26572
1 26572 0 26573
3 26573 2 26574
0 26574 -1 -1

-1 -1 0 26576
1 26576 0 26577
0 26577 -1 -1

-1 -1 3 26579
0 26579 1 26580
1 26580 2 26581
3 26581 2 26582
1 26582 -1 -1

-1 -1 2 26584
1 26584 0 26585
1 26585 -1 -1

-1 -1 2 26587
0 26587 1 26588
0 26588 -1 -1

-1 -1 0 26590
0 26590 2 26591
0 26591 1 26592
0 26592 -1 -1

-1 -1 0 26594
2 26594 0 26595
0 26595 1 26596
0 26596 1 26597
1 26597 -1 -1

-1 -1 1 26599
2 26599 0 26600
0 26600 -1 -1

-1 -1 0 26602
2 26602 1 26603
0 26603 2 26604
0 26604 1 26605
1 26605 -1 -1

-1 -1 2 26607
0 26607 2 26608
0 26608 2 26609
0 26609 -1 -1

-1 -1 1 26611
1 26611 2 26612
0 26612 1 26613
1 26613 -1 -1

-1 -1 3 26615
2 26615 1 26616
1 26616 0 26617
3 26617 2 26618
0 26618 -1 -1

-1 -1 0 26620
0 26620 2 26621
0 26621 2 26622
0 26622 2 26623
0 26623 1 26624
1 26624 -1 -1

-1 -1 1 26626
1 26626 0 26627
2 26627 0 26628
1 26628 -1 -1

-1 -1 0 26630
1 26630 2 26631
0 26631 1 26632
0 26632 -1 -1

-1 -1 1 26634
1 26634 2 26635
2 26635 -1 -1

-1 -1 2 26637
2 26637 1 26638
1 26638 0 26639
2 26639 -1 -1

-1 -1 2 26641
2 26641 -1 -1

-1 -1 1 26643
0 26643 1 26644
2 26644 -1 -1

-1 -1 3 26646
2 26646 0 26647
2 26647 -1 -1

