1 13 5 { 42 43 } 9
2 7 4 { 18468 18469 } 10
3 4 5 { 6335 } 4
4 6 2 { 26501 26502 26503 } 8
5 2 10 { 26505 26506 26507 26508 } 27
6 8 12 { 26510 26511 } 6
7 3 13 { 26513 26514 26515 26516 26517 } 18
8 6 3 { 26519 26520 26521 26522 } 21
10 9 5 { 26524 26525 26526 } 15
11 7 0 { 26528 26529 26530 26531 26532 } 18
12 0 6 { 26534 26535 26536 } 16
14 2 11 { 26538 26539 26540 26541 } 26
15 6 11 { 26543 26544 26545 } 24
16 11 5 { 26547 26548 26549 } 22
18 8 13 { 26551 26552 26553 } 7
21 6 2 { 26555 26556 26557 } 16
23 13 11 { 26559 26560 } 6
25 6 4 { 26562 26563 26564 26565 26566 } 21
27 1 6 { 26568 26569 } 14
28 9 10 { 26571 26572 26573 26574 } 22
32 2 1 { 26576 26577 } 5
35 5 10 { 26579 26580 26581 26582 } 23
40 1 0 { 26584 26585 } 5
44 0 4 { 26587 26588 } 11
45 1 4 { 26590 26591 26592 } 13
46 3 6 { 26594 26595 26596 26597 } 21
47 2 0 { 26599 26600 } 4
51 3 4 { 26602 26603 26604 26605 } 13
54 0 13 { 26607 26608 26609 } 16
55 6 11 { 26611 26612 26613 } 24
56 9 10 { 26615 26616 26617 26618 } 22
57 1 12 { 26620 26621 26622 26623 26624 } 19
58 7 3 { 26626 26627 26628 } 16
59 2 4 { 26630 26631 26632 } 14
75 13 11 { 26634 26635 } 6
79 11 8 { 26637 26638 26639 } 8
94 12 11 { 26641 } 5
95 0 1 { 26643 26644 } 5
98 9 8 { 26646 26647 } 8
