0 1
{ 0 1 } 2
{ 0 2 1 } 5

0 2
{ 0 2 } 3
{ 0 1 2 } 4

0 3
{ 0 3 } 5
{ 0 2 5 4 3 } 14

0 4
{ 0 2 5 4 } 8
{ 0 3 4 } 11

0 5
{ 0 2 5 } 4
{ 0 3 4 5 } 15

0 6
{ 0 2 5 4 6 } 11
{ 0 1 7 6 } 16

0 7
{ 0 1 7 } 9
{ 0 2 5 4 6 7 } 18

0 8
{ 0 3 8 } 14
{ 0 2 5 12 13 8 } 15

0 9
{ 0 1 7 9 } 19
{ 0 2 5 10 9 } 19

0 10
{ 0 2 5 10 } 11
{ 0 1 7 9 10 } 27

0 11
{ 0 3 8 11 } 15
{ 0 2 5 12 11 } 17

0 12
{ 0 2 5 12 } 12
{ 0 3 8 13 12 } 17

0 13
{ 0 2 5 12 13 } 13
{ 0 3 8 13 } 16

1 0
{ 1 0 } 2
{ 1 2 0 } 5

1 2
{ 1 2 } 2
{ 1 0 2 } 5

1 3
{ 1 0 3 } 7
{ 1 2 5 4 3 } 13

1 4
{ 1 2 5 4 } 7
{ 1 0 3 4 } 13

1 5
{ 1 2 5 } 3
{ 1 0 3 4 5 } 17

1 6
{ 1 2 5 4 6 } 10
{ 1 7 6 } 14

1 7
{ 1 7 } 7
{ 1 2 5 4 6 7 } 17

1 8
{ 1 2 5 12 13 8 } 14
{ 1 0 3 8 } 16

1 9
{ 1 7 9 } 17
{ 1 2 5 10 9 } 18

1 10
{ 1 2 5 10 } 10
{ 1 7 9 10 } 25

1 11
{ 1 2 5 12 13 8 11 } 15
{ 1 7 9 11 } 24

1 12
{ 1 2 5 12 } 11
{ 1 0 3 8 13 12 } 19

1 13
{ 1 2 5 12 13 } 12
{ 1 0 3 8 13 } 18

2 0
{ 2 0 } 3
{ 2 1 0 } 4

2 1
{ 2 1 } 2
{ 2 0 1 } 5

2 3
{ 2 0 3 } 8
{ 2 5 4 3 } 11

2 4
{ 2 5 4 } 5
{ 2 0 3 4 } 14

2 5
{ 2 5 } 1
{ 2 0 3 4 5 } 18

2 6
{ 2 5 4 6 } 8
{ 2 1 7 6 } 16

2 7
{ 2 1 7 } 9
{ 2 5 4 6 7 } 15

2 8
{ 2 5 12 13 8 } 12
{ 2 0 3 8 } 17

2 9
{ 2 5 10 9 } 16
{ 2 1 7 9 } 19

2 10
{ 2 5 10 } 8
{ 2 1 7 9 10 } 27

2 11
{ 2 5 12 13 8 11 } 13
{ 2 1 7 9 11 } 26

2 12
{ 2 5 12 } 9
{ 2 0 3 8 13 12 } 20

2 13
{ 2 5 12 13 } 10
{ 2 0 3 8 13 } 19

3 0
{ 3 0 } 5
{ 3 4 5 2 0 } 14

3 1
{ 3 0 1 } 7
{ 3 4 5 2 1 } 13

3 2
{ 3 0 2 } 8
{ 3 4 5 2 } 11

3 4
{ 3 4 } 6
{ 3 0 2 5 4 } 13

3 5
{ 3 0 2 5 } 9
{ 3 4 5 } 10

3 6
{ 3 4 6 } 9
{ 3 0 1 7 6 } 21

3 7
{ 3 0 1 7 } 14
{ 3 4 6 7 } 16

3 8
{ 3 8 } 9
{ 3 0 2 5 12 13 8 } 20

3 9
{ 3 8 11 9 } 17
{ 3 0 1 7 9 } 24

3 10
{ 3 0 2 5 10 } 16
{ 3 8 11 9 10 } 25

3 11
{ 3 8 11 } 10
{ 3 0 2 5 12 11 } 22

3 12
{ 3 8 13 12 } 12
{ 3 0 2 5 12 } 17

3 13
{ 3 8 13 } 11
{ 3 0 2 5 12 13 } 18

4 0
{ 4 5 2 0 } 8
{ 4 3 0 } 11

4 1
{ 4 5 2 1 } 7
{ 4 3 0 1 } 13

4 2
{ 4 5 2 } 5
{ 4 3 0 2 } 14

4 3
{ 4 3 } 6
{ 4 5 2 0 3 } 13

4 5
{ 4 5 } 4
{ 4 3 0 2 5 } 15

4 6
{ 4 6 } 3
{ 4 5 2 1 7 6 } 21

4 7
{ 4 6 7 } 10
{ 4 5 2 1 7 } 14

4 8
{ 4 3 8 } 15
{ 4 5 12 13 8 } 15

4 9
{ 4 5 10 9 } 19
{ 4 6 7 9 } 20

4 10
{ 4 5 10 } 11
{ 4 6 7 9 10 } 28

4 11
{ 4 3 8 11 } 16
{ 4 5 12 11 } 17

4 12
{ 4 5 12 } 12
{ 4 3 8 13 12 } 18

4 13
{ 4 5 12 13 } 13
{ 4 3 8 13 } 17

5 0
{ 5 2 0 } 4
{ 5 4 3 0 } 15

5 1
{ 5 2 1 } 3
{ 5 4 3 0 1 } 17

5 2
{ 5 2 } 1
{ 5 4 3 0 2 } 18

5 3
{ 5 2 0 3 } 9
{ 5 4 3 } 10

5 4
{ 5 4 } 4
{ 5 2 0 3 4 } 15

5 6
{ 5 4 6 } 7
{ 5 2 1 7 6 } 17

5 7
{ 5 2 1 7 } 10
{ 5 4 6 7 } 14

5 8
{ 5 12 13 8 } 11
{ 5 2 0 3 8 } 18

5 9
{ 5 10 9 } 15
{ 5 12 13 9 } 15

5 10
{ 5 10 } 7
{ 5 12 13 9 10 } 23

5 11
{ 5 12 13 8 11 } 12
{ 5 10 9 11 } 22

5 12
{ 5 12 } 8
{ 5 2 0 3 8 13 12 } 21

5 13
{ 5 12 13 } 9
{ 5 2 0 3 8 13 } 20

6 0
{ 6 4 5 2 0 } 11
{ 6 7 1 0 } 16

6 1
{ 6 4 5 2 1 } 10
{ 6 7 1 } 14

6 2
{ 6 4 5 2 } 8
{ 6 7 1 2 } 16

6 3
{ 6 4 3 } 9
{ 6 7 1 0 3 } 21

6 4
{ 6 4 } 3
{ 6 7 1 2 5 4 } 21

6 5
{ 6 4 5 } 7
{ 6 7 1 2 5 } 17

6 7
{ 6 7 } 7
{ 6 4 5 2 1 7 } 17

6 8
{ 6 4 3 8 } 18
{ 6 7 9 11 8 } 25

6 9
{ 6 7 9 } 17
{ 6 4 5 10 9 } 22

6 10
{ 6 4 5 10 } 14
{ 6 7 9 10 } 25

6 11
{ 6 4 3 8 11 } 19
{ 6 7 9 11 } 24

6 12
{ 6 4 5 12 } 15
{ 6 7 9 13 12 } 24

6 13
{ 6 4 5 12 13 } 16
{ 6 7 9 13 } 23

7 0
{ 7 1 0 } 9
{ 7 6 4 5 2 0 } 18

7 1
{ 7 1 } 7
{ 7 6 4 5 2 1 } 17

7 2
{ 7 1 2 } 9
{ 7 6 4 5 2 } 15

7 3
{ 7 1 0 3 } 14
{ 7 6 4 3 } 16

7 4
{ 7 6 4 } 10
{ 7 1 2 5 4 } 14

7 5
{ 7 1 2 5 } 10
{ 7 6 4 5 } 14

7 6
{ 7 6 } 7
{ 7 1 2 5 4 6 } 17

7 8
{ 7 9 11 8 } 18
{ 7 1 2 5 12 13 8 } 21

7 9
{ 7 9 } 10
{ 7 1 2 5 10 9 } 25

7 10
{ 7 1 2 5 10 } 17
{ 7 9 10 } 18

7 11
{ 7 9 11 } 17
{ 7 1 2 5 12 13 8 11 } 22

7 12
{ 7 9 13 12 } 17
{ 7 1 2 5 12 } 18

7 13
{ 7 9 13 } 16
{ 7 1 2 5 12 13 } 19

8 0
{ 8 3 0 } 14
{ 8 13 12 5 2 0 } 15

8 1
{ 8 13 12 5 2 1 } 14
{ 8 3 0 1 } 16

8 2
{ 8 13 12 5 2 } 12
{ 8 3 0 2 } 17

8 3
{ 8 3 } 9
{ 8 13 12 5 2 0 3 } 20

8 4
{ 8 3 4 } 15
{ 8 13 12 5 4 } 15

8 5
{ 8 13 12 5 } 11
{ 8 3 0 2 5 } 18

8 6
{ 8 3 4 6 } 18
{ 8 11 9 7 6 } 25

8 7
{ 8 11 9 7 } 18
{ 8 13 12 5 2 1 7 } 21

8 9
{ 8 11 9 } 8
{ 8 13 9 } 8

8 10
{ 8 11 9 10 } 16
{ 8 13 12 5 10 } 18

8 11
{ 8 11 } 1
{ 8 13 12 11 } 8

8 12
{ 8 13 12 } 3
{ 8 11 12 } 6

8 13
{ 8 13 } 2
{ 8 11 12 13 } 7

9 0
{ 9 7 1 0 } 19
{ 9 10 5 2 0 } 19

9 1
{ 9 7 1 } 17
{ 9 10 5 2 1 } 18

9 2
{ 9 10 5 2 } 16
{ 9 7 1 2 } 19

9 3
{ 9 11 8 3 } 17
{ 9 7 1 0 3 } 24

9 4
{ 9 10 5 4 } 19
{ 9 7 6 4 } 20

9 5
{ 9 10 5 } 15
{ 9 13 12 5 } 15

9 6
{ 9 7 6 } 17
{ 9 10 5 4 6 } 22

9 7
{ 9 7 } 10
{ 9 10 5 2 1 7 } 25

9 8
{ 9 11 8 } 8
{ 9 13 8 } 8

9 10
{ 9 10 } 8
{ 9 13 12 5 10 } 22

9 11
{ 9 11 } 7
{ 9 13 8 11 } 9

9 12
{ 9 13 12 } 7
{ 9 11 12 } 12

9 13
{ 9 13 } 6
{ 9 11 8 13 } 10

10 0
{ 10 5 2 0 } 11
{ 10 9 7 1 0 } 27

10 1
{ 10 5 2 1 } 10
{ 10 9 7 1 } 25

10 2
{ 10 5 2 } 8
{ 10 9 7 1 2 } 27

10 3
{ 10 5 2 0 3 } 16
{ 10 9 11 8 3 } 25

10 4
{ 10 5 4 } 11
{ 10 9 7 6 4 } 28

10 5
{ 10 5 } 7
{ 10 9 13 12 5 } 23

10 6
{ 10 5 4 6 } 14
{ 10 9 7 6 } 25

10 7
{ 10 5 2 1 7 } 17
{ 10 9 7 } 18

10 8
{ 10 9 11 8 } 16
{ 10 5 12 13 8 } 18

10 9
{ 10 9 } 8
{ 10 5 12 13 9 } 22

10 11
{ 10 9 11 } 15
{ 10 5 12 13 8 11 } 19

10 12
{ 10 5 12 } 15
{ 10 9 13 12 } 15

10 13
{ 10 9 13 } 14
{ 10 5 12 13 } 16

11 0
{ 11 8 3 0 } 15
{ 11 12 5 2 0 } 17

11 1
{ 11 8 13 12 5 2 1 } 15
{ 11 9 7 1 } 24

11 2
{ 11 8 13 12 5 2 } 13
{ 11 9 7 1 2 } 26

11 3
{ 11 8 3 } 10
{ 11 12 5 2 0 3 } 22

11 4
{ 11 8 3 4 } 16
{ 11 12 5 4 } 17

11 5
{ 11 8 13 12 5 } 12
{ 11 9 10 5 } 22

11 6
{ 11 8 3 4 6 } 19
{ 11 9 7 6 } 24

11 7
{ 11 9 7 } 17
{ 11 8 13 12 5 2 1 7 } 22

11 8
{ 11 8 } 1
{ 11 12 13 8 } 8

11 9
{ 11 9 } 7
{ 11 8 13 9 } 9

11 10
{ 11 9 10 } 15
{ 11 8 13 12 5 10 } 19

11 12
{ 11 8 13 12 } 4
{ 11 12 } 5

11 13
{ 11 8 13 } 3
{ 11 12 13 } 6

12 0
{ 12 5 2 0 } 12
{ 12 13 8 3 0 } 17

12 1
{ 12 5 2 1 } 11
{ 12 13 8 3 0 1 } 19

12 2
{ 12 5 2 } 9
{ 12 13 8 3 0 2 } 20

12 3
{ 12 13 8 3 } 12
{ 12 5 2 0 3 } 17

12 4
{ 12 5 4 } 12
{ 12 13 8 3 4 } 18

12 5
{ 12 5 } 8
{ 12 13 8 3 0 2 5 } 21

12 6
{ 12 5 4 6 } 15
{ 12 13 9 7 6 } 24

12 7
{ 12 13 9 7 } 17
{ 12 5 2 1 7 } 18

12 8
{ 12 13 8 } 3
{ 12 11 8 } 6

12 9
{ 12 13 9 } 7
{ 12 11 9 } 12

12 10
{ 12 5 10 } 15
{ 12 13 9 10 } 15

12 11
{ 12 13 8 11 } 4
{ 12 11 } 5

12 13
{ 12 13 } 1
{ 12 11 8 13 } 8

13 0
{ 13 12 5 2 0 } 13
{ 13 8 3 0 } 16

13 1
{ 13 12 5 2 1 } 12
{ 13 8 3 0 1 } 18

13 2
{ 13 12 5 2 } 10
{ 13 8 3 0 2 } 19

13 3
{ 13 8 3 } 11
{ 13 12 5 2 0 3 } 18

13 4
{ 13 12 5 4 } 13
{ 13 8 3 4 } 17

13 5
{ 13 12 5 } 9
{ 13 8 3 0 2 5 } 20

13 6
{ 13 12 5 4 6 } 16
{ 13 9 7 6 } 23

13 7
{ 13 9 7 } 16
{ 13 12 5 2 1 7 } 19

13 8
{ 13 8 } 2
{ 13 12 11 8 } 7

13 9
{ 13 9 } 6
{ 13 8 11 9 } 10

13 10
{ 13 9 10 } 14
{ 13 12 5 10 } 16

13 11
{ 13 8 11 } 3
{ 13 12 11 } 6

13 12
{ 13 12 } 1
{ 13 8 11 12 } 8

